45 20   44 17
44 17   47 16
47 16   46 13
46 13   42 7
42 7   45 10
45 10   49 11
49 11   53 12
53 12   55 5
55 5   67 5
67 5   60 12
60 12   65 20
65 20   63 23
63 23   55 20
55 20   57 29
57 29   56 37
56 37   56 39
56 39   65 35
65 35   64 42
64 42   61 52
61 52   65 55
65 55   63 65
63 65   62 77
62 77   57 68
57 68   55 60
55 60   55 54
55 54   53 52
53 52   57 48
57 48   55 45
55 45   53 43
53 43   49 42
49 42   47 47
47 47   41 49
41 49   37 47
37 47   31 52
31 52   26 52
26 52   20 50
20 50   15 47
15 47   13 52
13 52   15 60
15 60   20 65
20 65   24 58
24 58   30 60
30 60   37 56
37 56   40 60
40 60   49 58
49 58   45 65
45 65   49 73
49 73   35 69
35 69   31 67
31 67   27 69
27 69   15 77
15 77   6 68
6 68   2 60
2 60   8 56
8 56   2 48
2 48   10 43
10 43   6 38
6 38   5 30
5 30   11 31
11 31   15 30
15 30   17 34
17 34   14 37
14 37   20 40
20 40   27 43
27 43   26 35
26 35   25 30
25 30   26 27
26 27   22 27
22 27   20 26
20 26   21 24
21 24   22 22
22 22   20 20
20 20   19 21
19 21   18 18
18 18   15 19
15 19   16 22
16 22   18 24
18 24   12 24
12 24   10 20
10 20   4 18
4 18   5 5
5 5   11 14
11 14   15 10
15 10   24 12
24 12   23 3
23 3   30 5
30 5   32 12
32 12   35 17
35 17   28 18
28 18   25 21
25 21   25 24
25 24   30 25
30 25   36 26
36 26   37 31
37 31   35 35
35 35   35 40
35 40   41 37
41 37   50 35
50 35   45 30
45 30   40 25
40 25   45 20
