300
61 451
747 787
368 542
716 279
324 531
752 443
157 605
172 203
17 65
305 362
565 196
2 759
661 815
117 397
77 763
171 108
631 117
815 776
657 424
272 645
204 721
400 741
876 622
544 953
734 269
824 792
138 409
21 361
956 391
705 573
49 359
794 139
410 427
150 370
905 104
415 312
988 774
717 247
308 489
409 105
619 863
498 793
896 363
922 5
59 751
324 505
214 987
489 456
824 348
96 790
700 69
931 176
240 261
244 597
797 420
371 92
614 269
310 665
194 249
381 914
543 421
651 408
184 65
252 325
332 757
276 415
160 213
385 789
547 658
799 582
220 38
816 8
694 814
523 862
914 665
854 972
17 829
647 649
99 416
858 663
422 436
597 776
932 838
125 363
533 349
484 149
983 368
910 600
862 735
685 997
473 615
579 715
117 312
553 755
633 273
866 48
616 71
245 564
201 653
277 760
851 622
680 402
27 846
604 274
157 171
624 837
816 509
574 336
512 113
893 408
990 271
615 713
465 257
688 624
676 769
752 505
187 673
52 601
819 313
626 90
645 169
447 307
422 165
640 685
904 378
469 445
906 454
226 546
554 493
676 960
603 707
241 774
256 605
542 163
364 13
487 764
425 683
544 485
300 804
357 270
25 166
368 861
648 271
598 93
495 187
239 729
754 393
215 401
806 425
378 659
191 599
480 671
627 573
587 610
989 57
88 251
636 434
955 807
14 579
417 554
936 651
688 246
438 158
926 878
615 48
66 819
364 131
678 839
414 603
529 75
563 957
977 447
532 53
879 590
333 638
145 789
553 105
617 981
489 742
412 351
493 293
395 528
480 73
935 955
976 448
601 426
622 948
949 334
540 794
68 673
465 118
29 310
55 672
899 564
277 290
485 622
281 888
434 826
664 297
889 362
539 684
321 372
302 878
711 42
514 339
732 674
802 93
94 288
181 386
692 775
702 352
744 151
851 466
534 912
574 80
955 56
357 797
483 772
267 999
749 359
344 273
364 371
269 43
149 548
700 184
431 556
194 885
567 55
108 567
328 140
398 106
333 691
717 178
166 645
714 973
334 728
948 89
735 693
318 855
781 575
417 908
834 3
716 254
113 103
985 635
727 18
856 466
3 581
936 123
727 166
371 866
514 250
278 185
900 731
936 823
364 507
164 312
901 367
760 228
322 724
449 23
928 214
201 655
723 691
364 835
807 662
497 153
121 680
313 865
194 728
639 647
48 139
804 49
912 57
353 982
917 3
497 987
407 549
213 576
40 644
380 426
327 623
882 709
767 431
69 344
233 85
476 431
764 920
236 683
429 636
49 100
401 680
158 695
918 4
207 539
273 721
395 909
489 691
848 822
847 571
